1103527590
377401575
662824084
1147902781
835014474
368005199
351060424
1231503396
957802109
673853779
731554692
951899208
467622462
361521731
322852603
809484376
533740594
918524171
765083560
905007053
198153329
583570447
969696556
746061309
157564113
73579967
462979672
424411728
646435694
541382246
39424459
277534745
373820913
879675699
129388807
733477657
385193806
29057495
681569808
540931565
1155779257
384568130
127237323
551618613
591330205
440099439
72677391
338729416
743864989
228878867
867490892
531403384
450731885
103741966
12030131
643681312
488198966
795805515
852076300
644046577
59028994
101047726
909250527
962114460
1008891629
886446643
870259652
12938317
251923350
964333730
767498496
442650517
239814582
449577640
968153229
623994990
152736482
387421079
893264793
970765054
122731586
1260650719
498925132
955664881
622270203
503116756
451601049
327167246
425665647
224034051
465244993
250680350
25994914
1094108375
32399369
438798021
1003544598
1159204771
1124245616
445343406